'Dolg_pravokotnik': [0.002546839714050293, 0.022532236576080323, 0.20107727289199828, 1.6087298464775086], 

#############################
r=5 

'Krog': [0.002742278575897217, 0.028482604026794433, 0.38759307622909545, 3.4216501688957215]
'Elipsa': [0.0013990259170532226, 0.012493979930877686, 0.18657420158386231, 1.7085974621772766]
'Pravokotnik': [0.0014943552017211913, 0.016207094192504882, 0.2046029472351074, 1.683721489906311]
'Kvadrat': [0.002050631046295166, 0.019399025440216065, 0.14747129917144775, 1.7171527862548828]
'Trikotnik': [0.0014835548400878905, 0.014543421268463134, 0.11324655532836914, 1.3533522748947144]}

(Tole so bli tvoji)
'Pravokotnik': [0.00568401575088501, 0.059764771461486815, 0.5081162548065186, 4.649796788692474], 
'Kvadrat': [0.004177744388580322, 0.043591666221618655, 0.47271712064743043, 5.418210031986237], 
'Trikotnik': [0.003230025768280029, 0.02524895429611206, 0.3615387725830078, 6.142977199554443]
#############################
r = 50

'Krog': [0.0031283235549926756, 0.030882198810577393, 0.2862029314041138, 2.936498718261719]
'Krog': [0.002767338752746582, 0.03299479007720947, 0.35006996631622317, 3.2597379970550535]

'Pravokotnik': [0.002196485996246338, 0.019534575939178466, 0.22903627395629883, 1.937091052532196]
'Kvadrat': [0.0015572881698608398, 0.016122870445251465, 0.1766493558883667, 1.9438093185424805]
'Trikotnik': [0.0016972923278808594, 0.017178969383239748, 0.14509509325027467, 1.7199641275405884]


(Te spodi tvoji)
'Kvadrat': [0.0018262815475463866, 0.017918367385864258, 0.2928062963485718, 3.908600809574127], 
'Trikotnik': [0.003142223358154297, 0.0336035680770874, 0.22092206716537477, 3.5326177859306336]
'Pravokotnik': [0.0014305877685546874, 0.01575676918029785, 0.14026129484176636, 1.6605032062530518]

Podatki za elipso : Elipsa = [(-50, 0), (50, 0), 150]
'Elipsa': [0.0015440988540649414, 0.019792306423187255, 0.18856778621673584, 2.2029254961013796]
'Elipsa': [0.0012135505676269531, 0.01708008050918579, 0.14394855260849, 1.4216213035583496]}

#############################
r= 100
{'Krog': [0.002010660171508789, 0.03116451025009155, 0.3756299042701721, 3.571356148719788]}

'Pravokotnik': [0.0019406771659851074, 0.01903256893157959, 0.18332502841949463, 2.0187689423561097]
'Kvadrat': [0.0020375800132751464, 0.01651357650756836, 0.16654943227767943, 1.7494883394241334]
'Trikotnik': [0.0015786385536193848, 0.013749504089355468, 0.1372362732887268, 1.2735949850082398]



Podatki za elipso : Elipsa = [(-100, 0), (100, 0), 300]
'Elipsa': [0.0014990139007568359, 0.01322516918182373, 0.19544765949249268, 1.7034309720993042]


#############################
r=1000

'Krog': [0.0027723789215087892, 0.03141385793685913, 0.34525694847106936, 3.4227955961227416]
'Elipsa': [0.0021607303619384766, 0.013105154037475586, 0.11742526054382324, 1.6418534922599792]


#############################
r=10 000
'Krog': [0.0028525733947753905, 0.029398181438446046, 0.3025888967514038, 3.0894300079345705]
'Elipsa': [0.001996264457702637, 0.01999939441680908, 0.13557295322418214, 1.4803554224967956]

