'Dolg_pravokotnik': [0.002546839714050293, 0.022532236576080323, 0.20107727289199828, 1.6087298464775086], 

#############################
r=5 
{'Krog': [0.002742278575897217, 0.028482604026794433, 0.38759307622909545, 3.4216501688957215]}

Podatki za elipso : Elipsa = [(-5,0),(5,0), 15]
'Elipsa': [0.0013990259170532226, 0.012493979930877686, 0.18657420158386231, 1.7085974621772766]



#############################
r =10

#############################
r = 50

'Krog': [0.0031283235549926756, 0.030882198810577393, 0.2862029314041138, 2.936498718261719]
'Krog': [0.002767338752746582, 0.03299479007720947, 0.35006996631622317, 3.2597379970550535]
'Kvadrat': [0.0018262815475463866, 0.017918367385864258, 0.2928062963485718, 3.908600809574127], 
'Trikotnik': [0.003142223358154297, 0.0336035680770874, 0.22092206716537477, 3.5326177859306336]


Podatki za elipso : Elipsa = [(-50, 0), (50, 0), 150]
'Elipsa': [0.0015440988540649414, 0.019792306423187255, 0.18856778621673584, 2.2029254961013796]
'Elipsa': [0.0012135505676269531, 0.01708008050918579, 0.14394855260849, 1.4216213035583496]}

#############################
r= 100
{'Krog': [0.002010660171508789, 0.03116451025009155, 0.3756299042701721, 3.571356148719788]}

Podatki za elipso : Elipsa = [(-100, 0), (100, 0), 300]
'Elipsa': [0.0014990139007568359, 0.01322516918182373, 0.19544765949249268, 1.7034309720993042]


#############################
r=1000

'Krog': [0.0027723789215087892, 0.03141385793685913, 0.34525694847106936, 3.4227955961227416]


#############################
r=10 000
'Krog': [0.0028525733947753905, 0.029398181438446046, 0.3025888967514038, 3.0894300079345705]
